---
build/images/me-9d333043.jpg: 2021-01-15 04:47:12.906762837 +00:00
build/lumpini-park-from-so-sofitel-rooftop-bar/lumpini-park-from-so-sofitel-rooftop-bar-c3eb23c9.jpg: 2021-01-15
  04:47:14.110786314 +00:00
build/create-cross-platform-apps-with-react-native-and-expo/expo-9032583c.jpg: 2021-01-15
  04:47:13.090766478 +00:00
build/create-cross-platform-apps-with-react-native-and-expo/mc-leod-ganj-indian-himalaya-97dc6dd2.jpg: 2021-01-15
  04:47:13.494774357 +00:00
build/posts/bye-2020/bkk-2-8927cdd5.jpg: 2021-01-15 04:47:14.642796410 +00:00
build/posts/bye-2020/bkk-1-38034248.jpg: 2021-01-15 04:47:14.554794740 +00:00
