---
build/images/me-9d333043.jpg: 2021-01-15 04:26:47.582461365 +00:00
build/lumpini-park-from-so-sofitel-rooftop-bar/lumpini-park-from-so-sofitel-rooftop-bar-c3eb23c9.jpg: 2021-01-15
  04:26:48.538469045 +00:00
build/create-cross-platform-apps-with-react-native-and-expo/expo-9032583c.jpg: 2021-01-15
  04:26:47.734462592 +00:00
build/create-cross-platform-apps-with-react-native-and-expo/mc-leod-ganj-indian-himalaya-97dc6dd2.jpg: 2021-01-15
  04:26:48.006464787 +00:00
build/posts/bye-2020/bkk-2-8927cdd5.jpg: 2021-01-15 04:26:48.970472503 +00:00
build/posts/bye-2020/bkk-1-38034248.jpg: 2021-01-15 04:26:48.914472055 +00:00
