---
build/posts/bye-2020/bkk-2-8927cdd5.jpg: 2021-01-21 03:07:50.358493072 +00:00
build/posts/bye-2020/bkk-1-38034248.jpg: 2021-01-21 03:07:50.294492660 +00:00
build/create-cross-platform-apps-with-react-native-and-expo/expo-9032583c.jpg: 2021-01-21
  03:07:50.462493742 +00:00
build/create-cross-platform-apps-with-react-native-and-expo/mc-leod-ganj-indian-himalaya-97dc6dd2.jpg: 2021-01-21
  03:07:50.678495132 +00:00
build/lumpini-park-from-so-sofitel-rooftop-bar/lumpini-park-from-so-sofitel-rooftop-bar-c3eb23c9.jpg: 2021-01-21
  03:07:51.694501628 +00:00
build/images/me-9d333043.jpg: 2021-01-21 03:07:50.918496677 +00:00
