---
build/create-cross-platform-apps-with-react-native-and-expo/expo-9032583c.jpg: 2021-02-03
  07:18:31.565273377 +00:00
build/create-cross-platform-apps-with-react-native-and-expo/mc-leod-ganj-indian-himalaya-97dc6dd2.jpg: 2021-02-03
  07:18:31.721281161 +00:00
build/images/me-9d333043.jpg: 2021-02-03 07:18:31.861288147 +00:00
build/lumpini-park-from-so-sofitel-rooftop-bar/lumpini-park-from-so-sofitel-rooftop-bar-c3eb23c9.jpg: 2021-02-03
  07:18:33.133351358 +00:00
build/posts/bye-2020/bkk-1-38034248.jpg: 2021-02-03 07:18:32.297309842 +00:00
build/posts/bye-2020/bkk-2-8927cdd5.jpg: 2021-02-03 07:18:32.809335284 +00:00
