---
build/images/me-9d333043.jpg: 2021-01-15 04:37:22.209309514 +00:00
build/lumpini-park-from-so-sofitel-rooftop-bar/lumpini-park-from-so-sofitel-rooftop-bar-c3eb23c9.jpg: 2021-01-15
  04:37:23.381310892 +00:00
build/create-cross-platform-apps-with-react-native-and-expo/expo-9032583c.jpg: 2021-01-15
  04:37:22.385309726 +00:00
build/create-cross-platform-apps-with-react-native-and-expo/mc-leod-ganj-indian-himalaya-97dc6dd2.jpg: 2021-01-15
  04:37:22.701310105 +00:00
build/posts/bye-2020/bkk-2-8927cdd5.jpg: 2021-01-15 04:37:23.889311463 +00:00
build/posts/bye-2020/bkk-1-38034248.jpg: 2021-01-15 04:37:23.829311396 +00:00
